		i	Addr	datafromdmem	ld	datatodmem	st
          1	00000000	06006e13	1	00000000
0
          2	00000004	000e2503	1	00000000
0
          3	00000008	004e2583	1	00000000
0
          4	00000008	004e2583	1	00000060
0
          5	00000008	004e2583	1	00000000
0
          6	00000008	004e2583	1	00000000
0
          7	0000000c	04050263	1	00000000
0
          8	00000060	00000013	1	00000000
0
          9	00000064	000000be	1	00000000
0
         10	00000010	04a5c063	1	00000000
0
         11	00000014	01051513	1	00000000
0
         12	00000018	01006313	1	00000000
0
         13	0000001c	000583b3	1	00000000
0
         14	00000020	00159593	1	00130000
0
         15	00000024	01f3d393	1	00000010
0
         16	00000028	00039463	1	000000be
0
         17	00000028	00039463	1	0000017c
0
         18	00000028	00039463	1	00000000
0
         19	0000002c	00a5c663	1	00000000
0
         20	0000002c	00a5c663	1	00000000
0
         21	0000002c	00a5c663	1	00000000
0
         22	0000002c	00a5c663	1	00000000
0
         23	00000030	40a585b3	1	00000000
0
         24	00000034	00158593	1	00000000
0
         25	00000038	fff30313	1	00000000
0
         26	0000003c	fe0310e3	1	00000000
0
         27	00000040	ffff03b7	1	00000000
0
         28	00000040	ffff03b7	1	0000000f
0
         29	00000040	ffff03b7	1	00000000
0
         30	00000040	ffff03b7	1	00000000
0
         31	00000044	0103d393	1	00000000
0
         32	0000001c	000583b3	1	00000000
0
         33	00000020	00159593	1	00000000
0
         34	00000024	01f3d393	1	00000000
0
         35	00000028	00039463	1	0000017c
0
         36	00000028	00039463	1	000002f8
0
         37	00000028	00039463	1	00000000
0
         38	0000002c	00a5c663	1	00000000
0
         39	0000002c	00a5c663	1	00000000
0
         40	0000002c	00a5c663	1	00000000
0
         41	0000002c	00a5c663	1	00000000
0
         42	00000030	40a585b3	1	00000000
0
         43	00000034	00158593	1	00000000
0
         44	00000038	fff30313	1	00000000
0
         45	0000003c	fe0310e3	1	00000000
0
         46	00000040	ffff03b7	1	00000000
0
         47	00000040	ffff03b7	1	0000000e
0
         48	00000040	ffff03b7	1	00000000
0
         49	00000040	ffff03b7	1	00000000
0
         50	00000044	0103d393	1	00000000
0
         51	0000001c	000583b3	1	00000000
0
         52	00000020	00159593	1	00000000
0
         53	00000024	01f3d393	1	00000000
0
         54	00000028	00039463	1	000002f8
0
         55	00000028	00039463	1	000005f0
0
         56	00000028	00039463	1	00000000
0
         57	0000002c	00a5c663	1	00000000
0
         58	0000002c	00a5c663	1	00000000
0
         59	0000002c	00a5c663	1	00000000
0
         60	0000002c	00a5c663	1	00000000
0
         61	00000030	40a585b3	1	00000000
0
         62	00000034	00158593	1	00000000
0
         63	00000038	fff30313	1	00000000
0
         64	0000003c	fe0310e3	1	00000000
0
         65	00000040	ffff03b7	1	00000000
0
         66	00000040	ffff03b7	1	0000000d
0
         67	00000040	ffff03b7	1	00000000
0
         68	00000040	ffff03b7	1	00000000
0
         69	00000044	0103d393	1	00000000
0
         70	0000001c	000583b3	1	00000000
0
         71	00000020	00159593	1	00000000
0
         72	00000024	01f3d393	1	00000000
0
         73	00000028	00039463	1	000005f0
0
         74	00000028	00039463	1	00000be0
0
         75	00000028	00039463	1	00000000
0
         76	0000002c	00a5c663	1	00000000
0
         77	0000002c	00a5c663	1	00000000
0
         78	0000002c	00a5c663	1	00000000
0
         79	0000002c	00a5c663	1	00000000
0
         80	00000030	40a585b3	1	00000000
0
         81	00000034	00158593	1	00000000
0
         82	00000038	fff30313	1	00000000
0
         83	0000003c	fe0310e3	1	00000000
0
         84	00000040	ffff03b7	1	00000000
0
         85	00000040	ffff03b7	1	0000000c
0
         86	00000040	ffff03b7	1	00000000
0
         87	00000040	ffff03b7	1	00000000
0
         88	00000044	0103d393	1	00000000
0
         89	0000001c	000583b3	1	00000000
0
         90	00000020	00159593	1	00000000
0
         91	00000024	01f3d393	1	00000000
0
         92	00000028	00039463	1	00000be0
0
         93	00000028	00039463	1	000017c0
0
         94	00000028	00039463	1	00000000
0
         95	0000002c	00a5c663	1	00000000
0
         96	0000002c	00a5c663	1	00000000
0
         97	0000002c	00a5c663	1	00000000
0
         98	0000002c	00a5c663	1	00000000
0
         99	00000030	40a585b3	1	00000000
0
        100	00000034	00158593	1	00000000
0
        101	00000038	fff30313	1	00000000
0
        102	0000003c	fe0310e3	1	00000000
0
        103	00000040	ffff03b7	1	00000000
0
        104	00000040	ffff03b7	1	0000000b
0
        105	00000040	ffff03b7	1	00000000
0
        106	00000040	ffff03b7	1	00000000
0
        107	00000044	0103d393	1	00000000
0
        108	0000001c	000583b3	1	00000000
0
        109	00000020	00159593	1	00000000
0
        110	00000024	01f3d393	1	00000000
0
        111	00000028	00039463	1	000017c0
0
        112	00000028	00039463	1	00002f80
0
        113	00000028	00039463	1	00000000
0
        114	0000002c	00a5c663	1	00000000
0
        115	0000002c	00a5c663	1	00000000
0
        116	0000002c	00a5c663	1	00000000
0
        117	0000002c	00a5c663	1	00000000
0
        118	00000030	40a585b3	1	00000000
0
        119	00000034	00158593	1	00000000
0
        120	00000038	fff30313	1	00000000
0
        121	0000003c	fe0310e3	1	00000000
0
        122	00000040	ffff03b7	1	00000000
0
        123	00000040	ffff03b7	1	0000000a
0
        124	00000040	ffff03b7	1	00000000
0
        125	00000040	ffff03b7	1	00000000
0
        126	00000044	0103d393	1	00000000
0
        127	0000001c	000583b3	1	00000000
0
        128	00000020	00159593	1	00000000
0
        129	00000024	01f3d393	1	00000000
0
        130	00000028	00039463	1	00002f80
0
        131	00000028	00039463	1	00005f00
0
        132	00000028	00039463	1	00000000
0
        133	0000002c	00a5c663	1	00000000
0
        134	0000002c	00a5c663	1	00000000
0
        135	0000002c	00a5c663	1	00000000
0
        136	0000002c	00a5c663	1	00000000
0
        137	00000030	40a585b3	1	00000000
0
        138	00000034	00158593	1	00000000
0
        139	00000038	fff30313	1	00000000
0
        140	0000003c	fe0310e3	1	00000000
0
        141	00000040	ffff03b7	1	00000000
0
        142	00000040	ffff03b7	1	00000009
0
        143	00000040	ffff03b7	1	00000000
0
        144	00000040	ffff03b7	1	00000000
0
        145	00000044	0103d393	1	00000000
0
        146	0000001c	000583b3	1	00000000
0
        147	00000020	00159593	1	00000000
0
        148	00000024	01f3d393	1	00000000
0
        149	00000028	00039463	1	00005f00
0
        150	00000028	00039463	1	0000be00
0
        151	00000028	00039463	1	00000000
0
        152	0000002c	00a5c663	1	00000000
0
        153	0000002c	00a5c663	1	00000000
0
        154	0000002c	00a5c663	1	00000000
0
        155	0000002c	00a5c663	1	00000000
0
        156	00000030	40a585b3	1	00000000
0
        157	00000034	00158593	1	00000000
0
        158	00000038	fff30313	1	00000000
0
        159	0000003c	fe0310e3	1	00000000
0
        160	00000040	ffff03b7	1	00000000
0
        161	00000040	ffff03b7	1	00000008
0
        162	00000040	ffff03b7	1	00000000
0
        163	00000040	ffff03b7	1	00000000
0
        164	00000044	0103d393	1	00000000
0
        165	0000001c	000583b3	1	00000000
0
        166	00000020	00159593	1	00000000
0
        167	00000024	01f3d393	1	00000000
0
        168	00000028	00039463	1	0000be00
0
        169	00000028	00039463	1	00017c00
0
        170	00000028	00039463	1	00000000
0
        171	0000002c	00a5c663	1	00000000
0
        172	0000002c	00a5c663	1	00000000
0
        173	0000002c	00a5c663	1	00000000
0
        174	0000002c	00a5c663	1	00000000
0
        175	00000030	40a585b3	1	00000000
0
        176	00000034	00158593	1	00000000
0
        177	00000038	fff30313	1	00000000
0
        178	0000003c	fe0310e3	1	00000000
0
        179	00000040	ffff03b7	1	00000000
0
        180	00000040	ffff03b7	1	00000007
0
        181	00000040	ffff03b7	1	00000000
0
        182	00000040	ffff03b7	1	00000000
0
        183	00000044	0103d393	1	00000000
0
        184	0000001c	000583b3	1	00000000
0
        185	00000020	00159593	1	00000000
0
        186	00000024	01f3d393	1	00000000
0
        187	00000028	00039463	1	00017c00
0
        188	00000028	00039463	1	0002f800
0
        189	00000028	00039463	1	00000000
0
        190	0000002c	00a5c663	1	00000000
0
        191	0000002c	00a5c663	1	00000000
0
        192	0000002c	00a5c663	1	00000000
0
        193	0000002c	00a5c663	1	00000000
0
        194	00000030	40a585b3	1	00000000
0
        195	00000034	00158593	1	00000000
0
        196	00000038	fff30313	1	00000000
0
        197	0000003c	fe0310e3	1	00000000
0
        198	00000040	ffff03b7	1	00000000
0
        199	00000040	ffff03b7	1	00000006
0
        200	00000040	ffff03b7	1	00000000
0
        201	00000040	ffff03b7	1	00000000
0
        202	00000044	0103d393	1	00000000
0
        203	0000001c	000583b3	1	00000000
0
        204	00000020	00159593	1	00000000
0
        205	00000024	01f3d393	1	00000000
0
        206	00000028	00039463	1	0002f800
0
        207	00000028	00039463	1	0005f000
0
        208	00000028	00039463	1	00000000
0
        209	0000002c	00a5c663	1	00000000
0
        210	0000002c	00a5c663	1	00000000
0
        211	0000002c	00a5c663	1	00000000
0
        212	0000002c	00a5c663	1	00000000
0
        213	00000030	40a585b3	1	00000000
0
        214	00000034	00158593	1	00000000
0
        215	00000038	fff30313	1	00000000
0
        216	0000003c	fe0310e3	1	00000000
0
        217	00000040	ffff03b7	1	00000000
0
        218	00000040	ffff03b7	1	00000005
0
        219	00000040	ffff03b7	1	00000000
0
        220	00000040	ffff03b7	1	00000000
0
        221	00000044	0103d393	1	00000000
0
        222	0000001c	000583b3	1	00000000
0
        223	00000020	00159593	1	00000000
0
        224	00000024	01f3d393	1	00000000
0
        225	00000028	00039463	1	0005f000
0
        226	00000028	00039463	1	000be000
0
        227	00000028	00039463	1	00000000
0
        228	0000002c	00a5c663	1	00000000
0
        229	0000002c	00a5c663	1	00000000
0
        230	0000002c	00a5c663	1	00000000
0
        231	0000002c	00a5c663	1	00000000
0
        232	00000030	40a585b3	1	00000000
0
        233	00000034	00158593	1	00000000
0
        234	00000038	fff30313	1	00000000
0
        235	0000003c	fe0310e3	1	00000000
0
        236	00000040	ffff03b7	1	00000000
0
        237	00000040	ffff03b7	1	00000004
0
        238	00000040	ffff03b7	1	00000000
0
        239	00000040	ffff03b7	1	00000000
0
        240	00000044	0103d393	1	00000000
0
        241	0000001c	000583b3	1	00000000
0
        242	00000020	00159593	1	00000000
0
        243	00000024	01f3d393	1	00000000
0
        244	00000028	00039463	1	000be000
0
        245	00000028	00039463	1	0017c000
0
        246	00000028	00039463	1	00000000
0
        247	0000002c	00a5c663	1	00000000
0
        248	0000002c	00a5c663	1	00000000
0
        249	0000002c	00a5c663	1	00000000
0
        250	0000002c	00a5c663	1	00000000
0
        251	00000030	40a585b3	1	00000000
0
        252	00000034	00158593	1	00000000
0
        253	00000038	fff30313	1	00000000
0
        254	00000038	fff30313	1	0004c000
0
        255	00000038	fff30313	1	00000000
0
        256	00000038	fff30313	1	00000000
0
        257	0000003c	fe0310e3	1	00000000
0
        258	00000040	ffff03b7	1	0004c001
0
        259	00000040	ffff03b7	1	00000003
0
        260	00000040	ffff03b7	1	00000000
0
        261	00000040	ffff03b7	1	00000000
0
        262	00000044	0103d393	1	00000000
0
        263	0000001c	000583b3	1	00000000
0
        264	00000020	00159593	1	00000000
0
        265	00000024	01f3d393	1	00000000
0
        266	00000028	00039463	1	0004c001
0
        267	00000028	00039463	1	00098002
0
        268	00000028	00039463	1	00000000
0
        269	0000002c	00a5c663	1	00000000
0
        270	0000002c	00a5c663	1	00000000
0
        271	0000002c	00a5c663	1	00000000
0
        272	0000002c	00a5c663	1	00000000
0
        273	00000030	40a585b3	1	00000000
0
        274	00000034	00158593	1	00000000
0
        275	00000038	fff30313	1	00000000
0
        276	0000003c	fe0310e3	1	00000000
0
        277	00000040	ffff03b7	1	00000000
0
        278	00000040	ffff03b7	1	00000002
0
        279	00000040	ffff03b7	1	00000000
0
        280	00000040	ffff03b7	1	00000000
0
        281	00000044	0103d393	1	00000000
0
        282	0000001c	000583b3	1	00000000
0
        283	00000020	00159593	1	00000000
0
        284	00000024	01f3d393	1	00000000
0
        285	00000028	00039463	1	00098002
0
        286	00000028	00039463	1	00130004
0
        287	00000028	00039463	1	00000000
0
        288	0000002c	00a5c663	1	00000000
0
        289	0000002c	00a5c663	1	00000000
0
        290	0000002c	00a5c663	1	00000000
0
        291	0000002c	00a5c663	1	00000000
0
        292	00000030	40a585b3	1	00000000
0
        293	00000034	00158593	1	00000000
0
        294	00000038	fff30313	1	00000000
0
        295	00000038	fff30313	1	00000004
0
        296	00000038	fff30313	1	00000000
0
        297	00000038	fff30313	1	00000000
0
        298	0000003c	fe0310e3	1	00000000
0
        299	00000040	ffff03b7	1	00000005
0
        300	00000040	ffff03b7	1	00000001
0
        301	00000040	ffff03b7	1	00000000
0
        302	00000040	ffff03b7	1	00000000
0
        303	00000044	0103d393	1	00000000
0
        304	0000001c	000583b3	1	00000000
0
        305	00000020	00159593	1	00000000
0
        306	00000024	01f3d393	1	00000000
0
        307	00000028	00039463	1	00000005
0
        308	00000028	00039463	1	0000000a
0
        309	00000028	00039463	1	00000000
0
        310	0000002c	00a5c663	1	00000000
0
        311	0000002c	00a5c663	1	00000000
0
        312	0000002c	00a5c663	1	00000000
0
        313	0000002c	00a5c663	1	00000000
0
        314	00000030	40a585b3	1	00000000
0
        315	00000034	00158593	1	00000000
0
        316	00000038	fff30313	1	00000000
0
        317	0000003c	fe0310e3	1	00000000
0
        318	00000040	ffff03b7	1	00000000
0
        319	00000040	ffff03b7	1	00000000
0
        320	00000040	ffff03b7	1	00000000
0
        321	00000040	ffff03b7	1	00000000
0
        322	00000044	0103d393	1	00000000
0
        323	00000048	0075f5b3	1	00000000
0
        324	00000048	0075f5b3	1	ffff0000
0
        325	00000048	0075f5b3	1	00000000
0
        326	00000048	0075f5b3	1	00000000
0
        327	0000004c	00000463	1	00000000
0
        328	0000004c	00000463	1	0000ffff
0
        329	0000004c	00000463	1	00000000
0
        330	0000004c	00000463	1	00000000
0
        331	00000050	00b5c5b3	1	00000000
0
        332	00000054	00be2423	1	0000000a
0
        333	00000054	00be2423	1	00000000
0
        334	00000058	00000063	1	00000000
0
        335	0000005c	00000000	1	00000000
0
        336	00000068	00000000	0	0000000a
1
        337	00000060	00000013	1	00000000
0
        338	00000058	00000063	1	00000000
0
        339	0000005c	00000000	1	00000000
0
        340	00000060	00000013	1	00000000
0
        341	00000058	00000063	1	00000000
0
        342	0000005c	00000000	1	00000000
0
        343	00000060	00000013	1	00000000
0
        344	00000058	00000063	1	00000000
0
        345	0000005c	00000000	1	00000000
0
        346	00000060	00000013	1	00000000
0
        347	00000058	00000063	1	00000000
0
        348	0000005c	00000000	1	00000000
0
        349	00000060	00000013	1	00000000
0
        350	00000058	00000063	1	00000000
0
        351	0000005c	00000000	1	00000000
0
        352	00000060	00000013	1	00000000
0
        353	00000058	00000063	1	00000000
0
        354	0000005c	00000000	1	00000000
0
        355	00000060	00000013	1	00000000
0
        356	00000058	00000063	1	00000000
0
        357	0000005c	00000000	1	00000000
0
        358	00000060	00000013	1	00000000
0
        359	00000058	00000063	1	00000000
0
        360	0000005c	00000000	1	00000000
0
        361	00000060	00000013	1	00000000
0
        362	00000058	00000063	1	00000000
0
        363	0000005c	00000000	1	00000000
0
        364	00000060	00000013	1	00000000
0
        365	00000058	00000063	1	00000000
0
        366	0000005c	00000000	1	00000000
0
        367	00000060	00000013	1	00000000
0
        368	00000058	00000063	1	00000000
0
        369	0000005c	00000000	1	00000000
0
        370	00000060	00000013	1	00000000
0
        371	00000058	00000063	1	00000000
0
        372	0000005c	00000000	1	00000000
0
        373	00000060	00000013	1	00000000
0
        374	00000058	00000063	1	00000000
0
        375	0000005c	00000000	1	00000000
0
        376	00000060	00000013	1	00000000
0
        377	00000058	00000063	1	00000000
0
        378	0000005c	00000000	1	00000000
0
        379	00000060	00000013	1	00000000
0
        380	00000058	00000063	1	00000000
0
        381	0000005c	00000000	1	00000000
0
        382	00000060	00000013	1	00000000
0
        383	00000058	00000063	1	00000000
0
        384	0000005c	00000000	1	00000000
0
        385	00000060	00000013	1	00000000
0
        386	00000058	00000063	1	00000000
0
        387	0000005c	00000000	1	00000000
0
        388	00000060	00000013	1	00000000
0
        389	00000058	00000063	1	00000000
0
        390	0000005c	00000000	1	00000000
0
        391	00000060	00000013	1	00000000
0
        392	00000058	00000063	1	00000000
0
        393	0000005c	00000000	1	00000000
0
        394	00000060	00000013	1	00000000
0
        395	00000058	00000063	1	00000000
0
        396	0000005c	00000000	1	00000000
0
        397	00000060	00000013	1	00000000
0
        398	00000058	00000063	1	00000000
0
        399	0000005c	00000000	1	00000000
0
        400	00000060	00000013	1	00000000
0
        401	00000058	00000063	1	00000000
0
        402	0000005c	00000000	1	00000000
0
        403	00000060	00000013	1	00000000
0
        404	00000058	00000063	1	00000000
0
        405	0000005c	00000000	1	00000000
0
        406	00000060	00000013	1	00000000
0
        407	00000058	00000063	1	00000000
0
        408	0000005c	00000000	1	00000000
0
        409	00000060	00000013	1	00000000
0
        410	00000058	00000063	1	00000000
0
        411	0000005c	00000000	1	00000000
0
        412	00000060	00000013	1	00000000
0
        413	00000058	00000063	1	00000000
0
        414	0000005c	00000000	1	00000000
0
        415	00000060	00000013	1	00000000
0
        416	00000058	00000063	1	00000000
0
        417	0000005c	00000000	1	00000000
0
        418	00000060	00000013	1	00000000
0
        419	00000058	00000063	1	00000000
0
        420	0000005c	00000000	1	00000000
0
        421	00000060	00000013	1	00000000
0
        422	00000058	00000063	1	00000000
0
        423	0000005c	00000000	1	00000000
0
        424	00000060	00000013	1	00000000
0
        425	00000058	00000063	1	00000000
0
        426	0000005c	00000000	1	00000000
0
        427	00000060	00000013	1	00000000
0
        428	00000058	00000063	1	00000000
0
        429	0000005c	00000000	1	00000000
0
        430	00000060	00000013	1	00000000
0
        431	00000058	00000063	1	00000000
0
        432	0000005c	00000000	1	00000000
0
        433	00000060	00000013	1	00000000
0
        434	00000058	00000063	1	00000000
0
        435	0000005c	00000000	1	00000000
0
        436	00000060	00000013	1	00000000
0
        437	00000058	00000063	1	00000000
0
        438	0000005c	00000000	1	00000000
0
        439	00000060	00000013	1	00000000
0
        440	00000058	00000063	1	00000000
0
        441	0000005c	00000000	1	00000000
0
        442	00000060	00000013	1	00000000
0
        443	00000058	00000063	1	00000000
0
        444	0000005c	00000000	1	00000000
0
        445	00000060	00000013	1	00000000
0
        446	00000058	00000063	1	00000000
0
        447	0000005c	00000000	1	00000000
0
        448	00000060	00000013	1	00000000
0
        449	00000058	00000063	1	00000000
0
        450	0000005c	00000000	1	00000000
0
        451	00000060	00000013	1	00000000
0
        452	00000058	00000063	1	00000000
0
        453	0000005c	00000000	1	00000000
0
        454	00000060	00000013	1	00000000
0
        455	00000058	00000063	1	00000000
0
        456	0000005c	00000000	1	00000000
0
        457	00000060	00000013	1	00000000
0
        458	00000058	00000063	1	00000000
0
        459	0000005c	00000000	1	00000000
0
        460	00000060	00000013	1	00000000
0
        461	00000058	00000063	1	00000000
0
        462	0000005c	00000000	1	00000000
0
        463	00000060	00000013	1	00000000
0
        464	00000058	00000063	1	00000000
0
        465	0000005c	00000000	1	00000000
0
        466	00000060	00000013	1	00000000
0
        467	00000058	00000063	1	00000000
0
        468	0000005c	00000000	1	00000000
0
        469	00000060	00000013	1	00000000
0
        470	00000058	00000063	1	00000000
0
        471	0000005c	00000000	1	00000000
0
        472	00000060	00000013	1	00000000
0
        473	00000058	00000063	1	00000000
0
        474	0000005c	00000000	1	00000000
0
        475	00000060	00000013	1	00000000
0
        476	00000058	00000063	1	00000000
0
        477	0000005c	00000000	1	00000000
0
        478	00000060	00000013	1	00000000
0
        479	00000058	00000063	1	00000000
0
        480	0000005c	00000000	1	00000000
0
        481	00000060	00000013	1	00000000
0
        482	00000058	00000063	1	00000000
0
        483	0000005c	00000000	1	00000000
0
        484	00000060	00000013	1	00000000
0
        485	00000058	00000063	1	00000000
0
        486	0000005c	00000000	1	00000000
0
        487	00000060	00000013	1	00000000
0
        488	00000058	00000063	1	00000000
0
        489	0000005c	00000000	1	00000000
0
        490	00000060	00000013	1	00000000
0
        491	00000058	00000063	1	00000000
0
        492	0000005c	00000000	1	00000000
0
        493	00000060	00000013	1	00000000
0
        494	00000058	00000063	1	00000000
0
        495	0000005c	00000000	1	00000000
0
        496	00000060	00000013	1	00000000
0
        497	00000058	00000063	1	00000000
0
        498	0000005c	00000000	1	00000000
0
        499	00000060	00000013	1	00000000
0
        500	00000058	00000063	1	00000000
0
        501	0000005c	00000000	1	00000000
0
        502	00000060	00000013	1	00000000
0
        503	00000058	00000063	1	00000000
0
        504	0000005c	00000000	1	00000000
0
        505	00000060	00000013	1	00000000
0
        506	00000058	00000063	1	00000000
0
        507	0000005c	00000000	1	00000000
0
        508	00000060	00000013	1	00000000
0
        509	00000058	00000063	1	00000000
0
        510	0000005c	00000000	1	00000000
0
        511	00000060	00000013	1	00000000
0
        512	00000058	00000063	1	00000000
0
        513	0000005c	00000000	1	00000000
0
        514	00000060	00000013	1	00000000
0
        515	00000058	00000063	1	00000000
0
        516	0000005c	00000000	1	00000000
0
        517	00000060	00000013	1	00000000
0
        518	00000058	00000063	1	00000000
0
        519	0000005c	00000000	1	00000000
0
        520	00000060	00000013	1	00000000
0
        521	00000058	00000063	1	00000000
0
        522	0000005c	00000000	1	00000000
0
        523	00000060	00000013	1	00000000
0
        524	00000058	00000063	1	00000000
0
        525	0000005c	00000000	1	00000000
0
        526	00000060	00000013	1	00000000
0
        527	00000058	00000063	1	00000000
0
        528	0000005c	00000000	1	00000000
0
        529	00000060	00000013	1	00000000
0
        530	00000058	00000063	1	00000000
0
        531	0000005c	00000000	1	00000000
0
        532	00000060	00000013	1	00000000
0
        533	00000058	00000063	1	00000000
0
        534	0000005c	00000000	1	00000000
0
        535	00000060	00000013	1	00000000
0
        536	00000058	00000063	1	00000000
0
        537	0000005c	00000000	1	00000000
0
        538	00000060	00000013	1	00000000
0
        539	00000058	00000063	1	00000000
0
        540	0000005c	00000000	1	00000000
0
        541	00000060	00000013	1	00000000
0
        542	00000058	00000063	1	00000000
0
        543	0000005c	00000000	1	00000000
0
        544	00000060	00000013	1	00000000
0
        545	00000058	00000063	1	00000000
0
        546	0000005c	00000000	1	00000000
0
        547	00000060	00000013	1	00000000
0
        548	00000058	00000063	1	00000000
0
        549	0000005c	00000000	1	00000000
0
        550	00000060	00000013	1	00000000
0
        551	00000058	00000063	1	00000000
0
        552	0000005c	00000000	1	00000000
0
        553	00000060	00000013	1	00000000
0
        554	00000058	00000063	1	00000000
0
        555	0000005c	00000000	1	00000000
0
        556	00000060	00000013	1	00000000
0
        557	00000058	00000063	1	00000000
0
        558	0000005c	00000000	1	00000000
0
        559	00000060	00000013	1	00000000
0
        560	00000058	00000063	1	00000000
0
        561	0000005c	00000000	1	00000000
0
        562	00000060	00000013	1	00000000
0
        563	00000058	00000063	1	00000000
0
        564	0000005c	00000000	1	00000000
0
        565	00000060	00000013	1	00000000
0
        566	00000058	00000063	1	00000000
0
        567	0000005c	00000000	1	00000000
0
        568	00000060	00000013	1	00000000
0
        569	00000058	00000063	1	00000000
0
        570	0000005c	00000000	1	00000000
0
        571	00000060	00000013	1	00000000
0
        572	00000058	00000063	1	00000000
0
        573	0000005c	00000000	1	00000000
0
        574	00000060	00000013	1	00000000
0
        575	00000058	00000063	1	00000000
0
        576	0000005c	00000000	1	00000000
0
        577	00000060	00000013	1	00000000
0
        578	00000058	00000063	1	00000000
0
        579	0000005c	00000000	1	00000000
0
        580	00000060	00000013	1	00000000
0
        581	00000058	00000063	1	00000000
0
        582	0000005c	00000000	1	00000000
0
        583	00000060	00000013	1	00000000
0
        584	00000058	00000063	1	00000000
0
        585	0000005c	00000000	1	00000000
0
        586	00000060	00000013	1	00000000
0
        587	00000058	00000063	1	00000000
0
        588	0000005c	00000000	1	00000000
0
        589	00000060	00000013	1	00000000
0
        590	00000058	00000063	1	00000000
0
        591	0000005c	00000000	1	00000000
0
        592	00000060	00000013	1	00000000
0
        593	00000058	00000063	1	00000000
0
        594	0000005c	00000000	1	00000000
0
        595	00000060	00000013	1	00000000
0
        596	00000058	00000063	1	00000000
0
        597	0000005c	00000000	1	00000000
0
        598	00000060	00000013	1	00000000
0
        599	00000058	00000063	1	00000000
0
        600	0000005c	00000000	1	00000000
0
        601	00000060	00000013	1	00000000
0
        602	00000058	00000063	1	00000000
0
        603	0000005c	00000000	1	00000000
0
        604	00000060	00000013	1	00000000
0
        605	00000058	00000063	1	00000000
0
        606	0000005c	00000000	1	00000000
0
        607	00000060	00000013	1	00000000
0
        608	00000058	00000063	1	00000000
0
        609	0000005c	00000000	1	00000000
0
        610	00000060	00000013	1	00000000
0
        611	00000058	00000063	1	00000000
0
        612	0000005c	00000000	1	00000000
0
        613	00000060	00000013	1	00000000
0
        614	00000058	00000063	1	00000000
0
        615	0000005c	00000000	1	00000000
0
        616	00000060	00000013	1	00000000
0
        617	00000058	00000063	1	00000000
0
        618	0000005c	00000000	1	00000000
0
        619	00000060	00000013	1	00000000
0
        620	00000058	00000063	1	00000000
0
        621	0000005c	00000000	1	00000000
0
        622	00000060	00000013	1	00000000
0
        623	00000058	00000063	1	00000000
0
        624	0000005c	00000000	1	00000000
0
        625	00000060	00000013	1	00000000
0
        626	00000058	00000063	1	00000000
0
        627	0000005c	00000000	1	00000000
0
        628	00000060	00000013	1	00000000
0
        629	00000058	00000063	1	00000000
0
        630	0000005c	00000000	1	00000000
0
        631	00000060	00000013	1	00000000
0
        632	00000058	00000063	1	00000000
0
        633	0000005c	00000000	1	00000000
0
        634	00000060	00000013	1	00000000
0
        635	00000058	00000063	1	00000000
0
        636	0000005c	00000000	1	00000000
0
        637	00000060	00000013	1	00000000
0
        638	00000058	00000063	1	00000000
0
        639	0000005c	00000000	1	00000000
0
        640	00000060	00000013	1	00000000
0
        641	00000058	00000063	1	00000000
0
        642	0000005c	00000000	1	00000000
0
        643	00000060	00000013	1	00000000
0
        644	00000058	00000063	1	00000000
0
        645	0000005c	00000000	1	00000000
0
        646	00000060	00000013	1	00000000
0
        647	00000058	00000063	1	00000000
0
        648	0000005c	00000000	1	00000000
0
        649	00000060	00000013	1	00000000
0
        650	00000058	00000063	1	00000000
0
        651	0000005c	00000000	1	00000000
0
        652	00000060	00000013	1	00000000
0
        653	00000058	00000063	1	00000000
0
        654	0000005c	00000000	1	00000000
0
        655	00000060	00000013	1	00000000
0
        656	00000058	00000063	1	00000000
0
        657	0000005c	00000000	1	00000000
0
        658	00000060	00000013	1	00000000
0
        659	00000058	00000063	1	00000000
0
        660	0000005c	00000000	1	00000000
0
        661	00000060	00000013	1	00000000
0
        662	00000058	00000063	1	00000000
0
        663	0000005c	00000000	1	00000000
0
        664	00000060	00000013	1	00000000
0
        665	00000058	00000063	1	00000000
0
        666	0000005c	00000000	1	00000000
0
        667	00000060	00000013	1	00000000
0
        668	00000058	00000063	1	00000000
0
        669	0000005c	00000000	1	00000000
0
        670	00000060	00000013	1	00000000
0
        671	00000058	00000063	1	00000000
0
        672	0000005c	00000000	1	00000000
0
        673	00000060	00000013	1	00000000
0
        674	00000058	00000063	1	00000000
0
        675	0000005c	00000000	1	00000000
0
        676	00000060	00000013	1	00000000
0
        677	00000058	00000063	1	00000000
0
        678	0000005c	00000000	1	00000000
0
        679	00000060	00000013	1	00000000
0
        680	00000058	00000063	1	00000000
0
        681	0000005c	00000000	1	00000000
0
        682	00000060	00000013	1	00000000
0
        683	00000058	00000063	1	00000000
0
        684	0000005c	00000000	1	00000000
0
        685	00000060	00000013	1	00000000
0
        686	00000058	00000063	1	00000000
0
        687	0000005c	00000000	1	00000000
0
        688	00000060	00000013	1	00000000
0
        689	00000058	00000063	1	00000000
0
        690	0000005c	00000000	1	00000000
0
        691	00000060	00000013	1	00000000
0
        692	00000058	00000063	1	00000000
0
        693	0000005c	00000000	1	00000000
0
        694	00000060	00000013	1	00000000
0
        695	00000058	00000063	1	00000000
0
        696	0000005c	00000000	1	00000000
0
        697	00000060	00000013	1	00000000
0
        698	00000058	00000063	1	00000000
0
        699	0000005c	00000000	1	00000000
0
        700	00000060	00000013	1	00000000
0
        701	00000058	00000063	1	00000000
0
        702	0000005c	00000000	1	00000000
0
        703	00000060	00000013	1	00000000
0
        704	00000058	00000063	1	00000000
0
        705	0000005c	00000000	1	00000000
0
        706	00000060	00000013	1	00000000
0
        707	00000058	00000063	1	00000000
0
        708	0000005c	00000000	1	00000000
0
        709	00000060	00000013	1	00000000
0
        710	00000058	00000063	1	00000000
0
        711	0000005c	00000000	1	00000000
0
        712	00000060	00000013	1	00000000
0
        713	00000058	00000063	1	00000000
0
        714	0000005c	00000000	1	00000000
0
        715	00000060	00000013	1	00000000
0
        716	00000058	00000063	1	00000000
0
        717	0000005c	00000000	1	00000000
0
        718	00000060	00000013	1	00000000
0
        719	00000058	00000063	1	00000000
0
        720	0000005c	00000000	1	00000000
0
        721	00000060	00000013	1	00000000
0
        722	00000058	00000063	1	00000000
0
        723	0000005c	00000000	1	00000000
0
        724	00000060	00000013	1	00000000
0
        725	00000058	00000063	1	00000000
0
        726	0000005c	00000000	1	00000000
0
        727	00000060	00000013	1	00000000
0
        728	00000058	00000063	1	00000000
0
        729	0000005c	00000000	1	00000000
0
        730	00000060	00000013	1	00000000
0
        731	00000058	00000063	1	00000000
0
        732	0000005c	00000000	1	00000000
0
        733	00000060	00000013	1	00000000
0
        734	00000058	00000063	1	00000000
0
        735	0000005c	00000000	1	00000000
0
        736	00000060	00000013	1	00000000
0
        737	00000058	00000063	1	00000000
0
        738	0000005c	00000000	1	00000000
0
        739	00000060	00000013	1	00000000
0
        740	00000058	00000063	1	00000000
0
        741	0000005c	00000000	1	00000000
0
        742	00000060	00000013	1	00000000
0
        743	00000058	00000063	1	00000000
0
        744	0000005c	00000000	1	00000000
0
        745	00000060	00000013	1	00000000
0
        746	00000058	00000063	1	00000000
0
        747	0000005c	00000000	1	00000000
0
        748	00000060	00000013	1	00000000
0
        749	00000058	00000063	1	00000000
0
        750	0000005c	00000000	1	00000000
0
        751	00000060	00000013	1	00000000
0
        752	00000058	00000063	1	00000000
0
        753	0000005c	00000000	1	00000000
0
        754	00000060	00000013	1	00000000
0
        755	00000058	00000063	1	00000000
0
        756	0000005c	00000000	1	00000000
0
        757	00000060	00000013	1	00000000
0
        758	00000058	00000063	1	00000000
0
        759	0000005c	00000000	1	00000000
0
        760	00000060	00000013	1	00000000
0
        761	00000058	00000063	1	00000000
0
        762	0000005c	00000000	1	00000000
0
        763	00000060	00000013	1	00000000
0
        764	00000058	00000063	1	00000000
0
        765	0000005c	00000000	1	00000000
0
        766	00000060	00000013	1	00000000
0
        767	00000058	00000063	1	00000000
0
        768	0000005c	00000000	1	00000000
0
        769	00000060	00000013	1	00000000
0
        770	00000058	00000063	1	00000000
0
        771	0000005c	00000000	1	00000000
0
        772	00000060	00000013	1	00000000
0
        773	00000058	00000063	1	00000000
0
        774	0000005c	00000000	1	00000000
0
        775	00000060	00000013	1	00000000
0
        776	00000058	00000063	1	00000000
0
        777	0000005c	00000000	1	00000000
0
        778	00000060	00000013	1	00000000
0
        779	00000058	00000063	1	00000000
0
        780	0000005c	00000000	1	00000000
0
        781	00000060	00000013	1	00000000
0
        782	00000058	00000063	1	00000000
0
        783	0000005c	00000000	1	00000000
0
        784	00000060	00000013	1	00000000
0
        785	00000058	00000063	1	00000000
0
        786	0000005c	00000000	1	00000000
0
        787	00000060	00000013	1	00000000
0
        788	00000058	00000063	1	00000000
0
        789	0000005c	00000000	1	00000000
0
        790	00000060	00000013	1	00000000
0
        791	00000058	00000063	1	00000000
0
        792	0000005c	00000000	1	00000000
0
        793	00000060	00000013	1	00000000
0
        794	00000058	00000063	1	00000000
0
        795	0000005c	00000000	1	00000000
0
        796	00000060	00000013	1	00000000
0
        797	00000058	00000063	1	00000000
0
        798	0000005c	00000000	1	00000000
0
        799	00000060	00000013	1	00000000
0
        800	00000058	00000063	1	00000000
0
        801	0000005c	00000000	1	00000000
0
        802	00000060	00000013	1	00000000
0
        803	00000058	00000063	1	00000000
0
        804	0000005c	00000000	1	00000000
0
        805	00000060	00000013	1	00000000
0
        806	00000058	00000063	1	00000000
0
        807	0000005c	00000000	1	00000000
0
        808	00000060	00000013	1	00000000
0
        809	00000058	00000063	1	00000000
0
        810	0000005c	00000000	1	00000000
0
        811	00000060	00000013	1	00000000
0
        812	00000058	00000063	1	00000000
0
        813	0000005c	00000000	1	00000000
0
        814	00000060	00000013	1	00000000
0
        815	00000058	00000063	1	00000000
0
        816	0000005c	00000000	1	00000000
0
        817	00000060	00000013	1	00000000
0
        818	00000058	00000063	1	00000000
0
        819	0000005c	00000000	1	00000000
0
        820	00000060	00000013	1	00000000
0
        821	00000058	00000063	1	00000000
0
        822	0000005c	00000000	1	00000000
0
        823	00000060	00000013	1	00000000
0
        824	00000058	00000063	1	00000000
0
        825	0000005c	00000000	1	00000000
0
        826	00000060	00000013	1	00000000
0
        827	00000058	00000063	1	00000000
0
        828	0000005c	00000000	1	00000000
0
        829	00000060	00000013	1	00000000
0
        830	00000058	00000063	1	00000000
0
        831	0000005c	00000000	1	00000000
0
        832	00000060	00000013	1	00000000
0
        833	00000058	00000063	1	00000000
0
        834	0000005c	00000000	1	00000000
0
        835	00000060	00000013	1	00000000
0
        836	00000058	00000063	1	00000000
0
        837	0000005c	00000000	1	00000000
0
        838	00000060	00000013	1	00000000
0
        839	00000058	00000063	1	00000000
0
        840	0000005c	00000000	1	00000000
0
        841	00000060	00000013	1	00000000
0
        842	00000058	00000063	1	00000000
0
        843	0000005c	00000000	1	00000000
0
        844	00000060	00000013	1	00000000
0
        845	00000058	00000063	1	00000000
0
        846	0000005c	00000000	1	00000000
0
        847	00000060	00000013	1	00000000
0
        848	00000058	00000063	1	00000000
0
        849	0000005c	00000000	1	00000000
0
        850	00000060	00000013	1	00000000
0
        851	00000058	00000063	1	00000000
0
        852	0000005c	00000000	1	00000000
0
        853	00000060	00000013	1	00000000
0
        854	00000058	00000063	1	00000000
0
        855	0000005c	00000000	1	00000000
0
        856	00000060	00000013	1	00000000
0
        857	00000058	00000063	1	00000000
0
        858	0000005c	00000000	1	00000000
0
        859	00000060	00000013	1	00000000
0
        860	00000058	00000063	1	00000000
0
        861	0000005c	00000000	1	00000000
0
        862	00000060	00000013	1	00000000
0
        863	00000058	00000063	1	00000000
0
        864	0000005c	00000000	1	00000000
0
        865	00000060	00000013	1	00000000
0
        866	00000058	00000063	1	00000000
0
        867	0000005c	00000000	1	00000000
0
        868	00000060	00000013	1	00000000
0
        869	00000058	00000063	1	00000000
0
        870	0000005c	00000000	1	00000000
0
        871	00000060	00000013	1	00000000
0
        872	00000058	00000063	1	00000000
0
        873	0000005c	00000000	1	00000000
0
        874	00000060	00000013	1	00000000
0
        875	00000058	00000063	1	00000000
0
        876	0000005c	00000000	1	00000000
0
        877	00000060	00000013	1	00000000
0
        878	00000058	00000063	1	00000000
0
        879	0000005c	00000000	1	00000000
0
        880	00000060	00000013	1	00000000
0
        881	00000058	00000063	1	00000000
0
        882	0000005c	00000000	1	00000000
0
        883	00000060	00000013	1	00000000
0
        884	00000058	00000063	1	00000000
0
        885	0000005c	00000000	1	00000000
0
        886	00000060	00000013	1	00000000
0
        887	00000058	00000063	1	00000000
0
        888	0000005c	00000000	1	00000000
0
        889	00000060	00000013	1	00000000
0
        890	00000058	00000063	1	00000000
0
        891	0000005c	00000000	1	00000000
0
        892	00000060	00000013	1	00000000
0
        893	00000058	00000063	1	00000000
0
        894	0000005c	00000000	1	00000000
0
        895	00000060	00000013	1	00000000
0
        896	00000058	00000063	1	00000000
0
        897	0000005c	00000000	1	00000000
0
        898	00000060	00000013	1	00000000
0
        899	00000058	00000063	1	00000000
0
        900	0000005c	00000000	1	00000000
0
        901	00000060	00000013	1	00000000
0
        902	00000058	00000063	1	00000000
0
        903	0000005c	00000000	1	00000000
0
        904	00000060	00000013	1	00000000
0
        905	00000058	00000063	1	00000000
0
        906	0000005c	00000000	1	00000000
0
        907	00000060	00000013	1	00000000
0
        908	00000058	00000063	1	00000000
0
        909	0000005c	00000000	1	00000000
0
        910	00000060	00000013	1	00000000
0
        911	00000058	00000063	1	00000000
0
        912	0000005c	00000000	1	00000000
0
        913	00000060	00000013	1	00000000
0
        914	00000058	00000063	1	00000000
0
        915	0000005c	00000000	1	00000000
0
        916	00000060	00000013	1	00000000
0
        917	00000058	00000063	1	00000000
0
        918	0000005c	00000000	1	00000000
0
        919	00000060	00000013	1	00000000
0
        920	00000058	00000063	1	00000000
0
        921	0000005c	00000000	1	00000000
0
        922	00000060	00000013	1	00000000
0
        923	00000058	00000063	1	00000000
0
        924	0000005c	00000000	1	00000000
0
        925	00000060	00000013	1	00000000
0
        926	00000058	00000063	1	00000000
0
        927	0000005c	00000000	1	00000000
0
        928	00000060	00000013	1	00000000
0
        929	00000058	00000063	1	00000000
0
        930	0000005c	00000000	1	00000000
0
        931	00000060	00000013	1	00000000
0
        932	00000058	00000063	1	00000000
0
        933	0000005c	00000000	1	00000000
0
        934	00000060	00000013	1	00000000
0
        935	00000058	00000063	1	00000000
0
        936	0000005c	00000000	1	00000000
0
        937	00000060	00000013	1	00000000
0
        938	00000058	00000063	1	00000000
0
        939	0000005c	00000000	1	00000000
0
        940	00000060	00000013	1	00000000
0
        941	00000058	00000063	1	00000000
0
        942	0000005c	00000000	1	00000000
0
        943	00000060	00000013	1	00000000
0
        944	00000058	00000063	1	00000000
0
        945	0000005c	00000000	1	00000000
0
        946	00000060	00000013	1	00000000
0
        947	00000058	00000063	1	00000000
0
        948	0000005c	00000000	1	00000000
0
        949	00000060	00000013	1	00000000
0
        950	00000058	00000063	1	00000000
0
        951	0000005c	00000000	1	00000000
0
        952	00000060	00000013	1	00000000
0
        953	00000058	00000063	1	00000000
0
        954	0000005c	00000000	1	00000000
0
        955	00000060	00000013	1	00000000
0
        956	00000058	00000063	1	00000000
0
        957	0000005c	00000000	1	00000000
0
        958	00000060	00000013	1	00000000
0
        959	00000058	00000063	1	00000000
0
        960	0000005c	00000000	1	00000000
0
        961	00000060	00000013	1	00000000
0
        962	00000058	00000063	1	00000000
0
        963	0000005c	00000000	1	00000000
0
        964	00000060	00000013	1	00000000
0
        965	00000058	00000063	1	00000000
0
        966	0000005c	00000000	1	00000000
0
        967	00000060	00000013	1	00000000
0
        968	00000058	00000063	1	00000000
0
        969	0000005c	00000000	1	00000000
0
        970	00000060	00000013	1	00000000
0
        971	00000058	00000063	1	00000000
0
        972	0000005c	00000000	1	00000000
0
        973	00000060	00000013	1	00000000
0
        974	00000058	00000063	1	00000000
0
        975	0000005c	00000000	1	00000000
0
        976	00000060	00000013	1	00000000
0
        977	00000058	00000063	1	00000000
0
        978	0000005c	00000000	1	00000000
0
        979	00000060	00000013	1	00000000
0
        980	00000058	00000063	1	00000000
0
        981	0000005c	00000000	1	00000000
0
        982	00000060	00000013	1	00000000
0
        983	00000058	00000063	1	00000000
0
        984	0000005c	00000000	1	00000000
0
        985	00000060	00000013	1	00000000
0
        986	00000058	00000063	1	00000000
0
        987	0000005c	00000000	1	00000000
0
        988	00000060	00000013	1	00000000
0
        989	00000058	00000063	1	00000000
0
        990	0000005c	00000000	1	00000000
0
        991	00000060	00000013	1	00000000
0
        992	00000058	00000063	1	00000000
0
        993	0000005c	00000000	1	00000000
0
        994	00000060	00000013	1	00000000
0
        995	00000058	00000063	1	00000000
0
        996	0000005c	00000000	1	00000000
0
        997	00000060	00000013	1	00000000
0
        998	00000058	00000063	1	00000000
0
        999	0000005c	00000000	1	00000000
0
       1000	00000060	00000013	1	00000000
0
       1001	00000058	00000063	1	00000000
0
       1002	0000005c	00000000	1	00000000
0
       1003	00000060	00000013	1	00000000
0
       1004	00000058	00000063	1	00000000
0
       1005	0000005c	00000000	1	00000000
0
       1006	00000060	00000013	1	00000000
0
       1007	00000058	00000063	1	00000000
0
       1008	0000005c	00000000	1	00000000
0
       1009	00000060	00000013	1	00000000
0
       1010	00000058	00000063	1	00000000
0
       1011	0000005c	00000000	1	00000000
0
       1012	00000060	00000013	1	00000000
0
       1013	00000058	00000063	1	00000000
0
       1014	0000005c	00000000	1	00000000
0
       1015	00000060	00000013	1	00000000
0
       1016	00000058	00000063	1	00000000
0
       1017	0000005c	00000000	1	00000000
0
       1018	00000060	00000013	1	00000000
0
       1019	00000058	00000063	1	00000000
0
       1020	0000005c	00000000	1	00000000
0
       1021	00000060	00000013	1	00000000
0
       1022	00000058	00000063	1	00000000
0
       1023	0000005c	00000000	1	00000000
0
       1024	00000060	00000013	1	00000000
0
       1025	00000058	00000063	1	00000000
0
       1026	0000005c	00000000	1	00000000
0
       1027	00000060	00000013	1	00000000
0
       1028	00000058	00000063	1	00000000
0
       1029	0000005c	00000000	1	00000000
0
       1030	00000060	00000013	1	00000000
0
       1031	00000058	00000063	1	00000000
0
       1032	0000005c	00000000	1	00000000
0
       1033	00000060	00000013	1	00000000
0
       1034	00000058	00000063	1	00000000
0
       1035	0000005c	00000000	1	00000000
0
       1036	00000060	00000013	1	00000000
0
       1037	00000058	00000063	1	00000000
0
       1038	0000005c	00000000	1	00000000
0
       1039	00000060	00000013	1	00000000
0
       1040	00000058	00000063	1	00000000
0
       1041	0000005c	00000000	1	00000000
0
       1042	00000060	00000013	1	00000000
0
       1043	00000058	00000063	1	00000000
0
       1044	0000005c	00000000	1	00000000
0
       1045	00000060	00000013	1	00000000
0
       1046	00000058	00000063	1	00000000
0
       1047	0000005c	00000000	1	00000000
0
       1048	00000060	00000013	1	00000000
0
       1049	00000058	00000063	1	00000000
0
       1050	0000005c	00000000	1	00000000
0
       1051	00000060	00000013	1	00000000
0
       1052	00000058	00000063	1	00000000
0
       1053	0000005c	00000000	1	00000000
0
       1054	00000060	00000013	1	00000000
0
       1055	00000058	00000063	1	00000000
0
       1056	0000005c	00000000	1	00000000
0
       1057	00000060	00000013	1	00000000
0
       1058	00000058	00000063	1	00000000
0
       1059	0000005c	00000000	1	00000000
0
       1060	00000060	00000013	1	00000000
0
       1061	00000058	00000063	1	00000000
0
       1062	0000005c	00000000	1	00000000
0
       1063	00000060	00000013	1	00000000
0
       1064	00000058	00000063	1	00000000
0
       1065	0000005c	00000000	1	00000000
0
       1066	00000060	00000013	1	00000000
0
       1067	00000058	00000063	1	00000000
0
       1068	0000005c	00000000	1	00000000
0
       1069	00000060	00000013	1	00000000
0
       1070	00000058	00000063	1	00000000
0
       1071	0000005c	00000000	1	00000000
0
       1072	00000060	00000013	1	00000000
0
       1073	00000058	00000063	1	00000000
0
       1074	0000005c	00000000	1	00000000
0
       1075	00000060	00000013	1	00000000
0
       1076	00000058	00000063	1	00000000
0
       1077	0000005c	00000000	1	00000000
0
       1078	00000060	00000013	1	00000000
0
       1079	00000058	00000063	1	00000000
0
       1080	0000005c	00000000	1	00000000
0
       1081	00000060	00000013	1	00000000
0
       1082	00000058	00000063	1	00000000
0
       1083	0000005c	00000000	1	00000000
0
       1084	00000060	00000013	1	00000000
0
       1085	00000058	00000063	1	00000000
0
       1086	0000005c	00000000	1	00000000
0
       1087	00000060	00000013	1	00000000
0
       1088	00000058	00000063	1	00000000
0
       1089	0000005c	00000000	1	00000000
0
       1090	00000060	00000013	1	00000000
0
       1091	00000058	00000063	1	00000000
0
       1092	0000005c	00000000	1	00000000
0
       1093	00000060	00000013	1	00000000
0
       1094	00000058	00000063	1	00000000
0
       1095	0000005c	00000000	1	00000000
0
       1096	00000060	00000013	1	00000000
0
       1097	00000058	00000063	1	00000000
0
       1098	0000005c	00000000	1	00000000
0
       1099	00000060	00000013	1	00000000
0
       1100	00000058	00000063	1	00000000
0
       1101	0000005c	00000000	1	00000000
0
       1102	00000060	00000013	1	00000000
0
       1103	00000058	00000063	1	00000000
0
       1104	0000005c	00000000	1	00000000
0
       1105	00000060	00000013	1	00000000
0
       1106	00000058	00000063	1	00000000
0
       1107	0000005c	00000000	1	00000000
0
       1108	00000060	00000013	1	00000000
0
       1109	00000058	00000063	1	00000000
0
       1110	0000005c	00000000	1	00000000
0
       1111	00000060	00000013	1	00000000
0
       1112	00000058	00000063	1	00000000
0
       1113	0000005c	00000000	1	00000000
0
       1114	00000060	00000013	1	00000000
0
       1115	00000058	00000063	1	00000000
0
       1116	0000005c	00000000	1	00000000
0
       1117	00000060	00000013	1	00000000
0
       1118	00000058	00000063	1	00000000
0
       1119	0000005c	00000000	1	00000000
0
       1120	00000060	00000013	1	00000000
0
       1121	00000058	00000063	1	00000000
0
       1122	0000005c	00000000	1	00000000
0
       1123	00000060	00000013	1	00000000
0
       1124	00000058	00000063	1	00000000
0
       1125	0000005c	00000000	1	00000000
0
       1126	00000060	00000013	1	00000000
0
       1127	00000058	00000063	1	00000000
0
       1128	0000005c	00000000	1	00000000
0
       1129	00000060	00000013	1	00000000
0
       1130	00000058	00000063	1	00000000
0
       1131	0000005c	00000000	1	00000000
0
       1132	00000060	00000013	1	00000000
0
       1133	00000058	00000063	1	00000000
0
       1134	0000005c	00000000	1	00000000
0
       1135	00000060	00000013	1	00000000
0
       1136	00000058	00000063	1	00000000
0
       1137	0000005c	00000000	1	00000000
0
       1138	00000060	00000013	1	00000000
0
       1139	00000058	00000063	1	00000000
0
       1140	0000005c	00000000	1	00000000
0
       1141	00000060	00000013	1	00000000
0
       1142	00000058	00000063	1	00000000
0
       1143	0000005c	00000000	1	00000000
0
       1144	00000060	00000013	1	00000000
0
       1145	00000058	00000063	1	00000000
0
       1146	0000005c	00000000	1	00000000
0
       1147	00000060	00000013	1	00000000
0
       1148	00000058	00000063	1	00000000
0
       1149	0000005c	00000000	1	00000000
0
       1150	00000060	00000013	1	00000000
0
       1151	00000058	00000063	1	00000000
0
       1152	0000005c	00000000	1	00000000
0
       1153	00000060	00000013	1	00000000
0
       1154	00000058	00000063	1	00000000
0
       1155	0000005c	00000000	1	00000000
0
       1156	00000060	00000013	1	00000000
0
       1157	00000058	00000063	1	00000000
0
       1158	0000005c	00000000	1	00000000
0
       1159	00000060	00000013	1	00000000
0
       1160	00000058	00000063	1	00000000
0
       1161	0000005c	00000000	1	00000000
0
       1162	00000060	00000013	1	00000000
0
       1163	00000058	00000063	1	00000000
0
       1164	0000005c	00000000	1	00000000
0
       1165	00000060	00000013	1	00000000
0
       1166	00000058	00000063	1	00000000
0
       1167	0000005c	00000000	1	00000000
0
       1168	00000060	00000013	1	00000000
0
       1169	00000058	00000063	1	00000000
0
       1170	0000005c	00000000	1	00000000
0
       1171	00000060	00000013	1	00000000
0
       1172	00000058	00000063	1	00000000
0
       1173	0000005c	00000000	1	00000000
0
       1174	00000060	00000013	1	00000000
0
       1175	00000058	00000063	1	00000000
0
       1176	0000005c	00000000	1	00000000
0
       1177	00000060	00000013	1	00000000
0
       1178	00000058	00000063	1	00000000
0
       1179	0000005c	00000000	1	00000000
0
       1180	00000060	00000013	1	00000000
0
       1181	00000058	00000063	1	00000000
0
       1182	0000005c	00000000	1	00000000
0
       1183	00000060	00000013	1	00000000
0
       1184	00000058	00000063	1	00000000
0
       1185	0000005c	00000000	1	00000000
0
       1186	00000060	00000013	1	00000000
0
       1187	00000058	00000063	1	00000000
0
       1188	0000005c	00000000	1	00000000
0
       1189	00000060	00000013	1	00000000
0
       1190	00000058	00000063	1	00000000
0
       1191	0000005c	00000000	1	00000000
0
       1192	00000060	00000013	1	00000000
0
       1193	00000058	00000063	1	00000000
0
       1194	0000005c	00000000	1	00000000
0
       1195	00000060	00000013	1	00000000
0
       1196	00000058	00000063	1	00000000
0
       1197	0000005c	00000000	1	00000000
0
       1198	00000060	00000013	1	00000000
0
       1199	00000058	00000063	1	00000000
0
       1200	0000005c	00000000	1	00000000
0
       1201	00000060	00000013	1	00000000
0
       1202	00000058	00000063	1	00000000
0
       1203	0000005c	00000000	1	00000000
0
       1204	00000060	00000013	1	00000000
0
       1205	00000058	00000063	1	00000000
0
       1206	0000005c	00000000	1	00000000
0
       1207	00000060	00000013	1	00000000
0
       1208	00000058	00000063	1	00000000
0
       1209	0000005c	00000000	1	00000000
0
       1210	00000060	00000013	1	00000000
0
       1211	00000058	00000063	1	00000000
0
       1212	0000005c	00000000	1	00000000
0
       1213	00000060	00000013	1	00000000
0
       1214	00000058	00000063	1	00000000
0
       1215	0000005c	00000000	1	00000000
0
       1216	00000060	00000013	1	00000000
0
       1217	00000058	00000063	1	00000000
0
       1218	0000005c	00000000	1	00000000
0
       1219	00000060	00000013	1	00000000
0
       1220	00000058	00000063	1	00000000
0
       1221	0000005c	00000000	1	00000000
0
       1222	00000060	00000013	1	00000000
0
       1223	00000058	00000063	1	00000000
0
       1224	0000005c	00000000	1	00000000
0
       1225	00000060	00000013	1	00000000
0
       1226	00000058	00000063	1	00000000
0
       1227	0000005c	00000000	1	00000000
0
       1228	00000060	00000013	1	00000000
0
       1229	00000058	00000063	1	00000000
0
       1230	0000005c	00000000	1	00000000
0
       1231	00000060	00000013	1	00000000
0
       1232	00000058	00000063	1	00000000
0
       1233	0000005c	00000000	1	00000000
0
       1234	00000060	00000013	1	00000000
0
       1235	00000058	00000063	1	00000000
0
       1236	0000005c	00000000	1	00000000
0
       1237	00000060	00000013	1	00000000
0
       1238	00000058	00000063	1	00000000
0
       1239	0000005c	00000000	1	00000000
0
       1240	00000060	00000013	1	00000000
0
       1241	00000058	00000063	1	00000000
0
       1242	0000005c	00000000	1	00000000
0
       1243	00000060	00000013	1	00000000
0
       1244	00000058	00000063	1	00000000
0
       1245	0000005c	00000000	1	00000000
0
       1246	00000060	00000013	1	00000000
0
       1247	00000058	00000063	1	00000000
0
       1248	0000005c	00000000	1	00000000
0
       1249	00000060	00000013	1	00000000
0
       1250	00000058	00000063	1	00000000
0
       1251	0000005c	00000000	1	00000000
0
       1252	00000060	00000013	1	00000000
0
       1253	00000058	00000063	1	00000000
0
       1254	0000005c	00000000	1	00000000
0
       1255	00000060	00000013	1	00000000
0
       1256	00000058	00000063	1	00000000
0
       1257	0000005c	00000000	1	00000000
0
       1258	00000060	00000013	1	00000000
0
       1259	00000058	00000063	1	00000000
0
       1260	0000005c	00000000	1	00000000
0
       1261	00000060	00000013	1	00000000
0
       1262	00000058	00000063	1	00000000
0
       1263	0000005c	00000000	1	00000000
0
       1264	00000060	00000013	1	00000000
0
       1265	00000058	00000063	1	00000000
0
       1266	0000005c	00000000	1	00000000
0
       1267	00000060	00000013	1	00000000
0
       1268	00000058	00000063	1	00000000
0
       1269	0000005c	00000000	1	00000000
0
       1270	00000060	00000013	1	00000000
0
       1271	00000058	00000063	1	00000000
0
       1272	0000005c	00000000	1	00000000
0
       1273	00000060	00000013	1	00000000
0
       1274	00000058	00000063	1	00000000
0
       1275	0000005c	00000000	1	00000000
0
       1276	00000060	00000013	1	00000000
0
       1277	00000058	00000063	1	00000000
0
       1278	0000005c	00000000	1	00000000
0
       1279	00000060	00000013	1	00000000
0
       1280	00000058	00000063	1	00000000
0
       1281	0000005c	00000000	1	00000000
0
       1282	00000060	00000013	1	00000000
0
       1283	00000058	00000063	1	00000000
0
       1284	0000005c	00000000	1	00000000
0
       1285	00000060	00000013	1	00000000
0
       1286	00000058	00000063	1	00000000
0
       1287	0000005c	00000000	1	00000000
0
       1288	00000060	00000013	1	00000000
0
       1289	00000058	00000063	1	00000000
0
       1290	0000005c	00000000	1	00000000
0
       1291	00000060	00000013	1	00000000
0
       1292	00000058	00000063	1	00000000
0
       1293	0000005c	00000000	1	00000000
0
       1294	00000060	00000013	1	00000000
0
       1295	00000058	00000063	1	00000000
0
       1296	0000005c	00000000	1	00000000
0
       1297	00000060	00000013	1	00000000
0
       1298	00000058	00000063	1	00000000
0
       1299	0000005c	00000000	1	00000000
0
       1300	00000060	00000013	1	00000000
0
       1301	00000058	00000063	1	00000000
0
       1302	0000005c	00000000	1	00000000
0
       1303	00000060	00000013	1	00000000
0
       1304	00000058	00000063	1	00000000
0
       1305	0000005c	00000000	1	00000000
0
       1306	00000060	00000013	1	00000000
0
       1307	00000058	00000063	1	00000000
0
       1308	0000005c	00000000	1	00000000
0
       1309	00000060	00000013	1	00000000
0
       1310	00000058	00000063	1	00000000
0
       1311	0000005c	00000000	1	00000000
0
       1312	00000060	00000013	1	00000000
0
       1313	00000058	00000063	1	00000000
0
       1314	0000005c	00000000	1	00000000
0
       1315	00000060	00000013	1	00000000
0
       1316	00000058	00000063	1	00000000
0
       1317	0000005c	00000000	1	00000000
0
       1318	00000060	00000013	1	00000000
0
       1319	00000058	00000063	1	00000000
0
       1320	0000005c	00000000	1	00000000
0
       1321	00000060	00000013	1	00000000
0
       1322	00000058	00000063	1	00000000
0
       1323	0000005c	00000000	1	00000000
0
       1324	00000060	00000013	1	00000000
0
       1325	00000058	00000063	1	00000000
0
       1326	0000005c	00000000	1	00000000
0
       1327	00000060	00000013	1	00000000
0
       1328	00000058	00000063	1	00000000
0
       1329	0000005c	00000000	1	00000000
0
       1330	00000060	00000013	1	00000000
0
       1331	00000058	00000063	1	00000000
0
       1332	0000005c	00000000	1	00000000
0
       1333	00000060	00000013	1	00000000
0
       1334	00000058	00000063	1	00000000
0
       1335	0000005c	00000000	1	00000000
0
       1336	00000060	00000013	1	00000000
0
       1337	00000058	00000063	1	00000000
0
       1338	0000005c	00000000	1	00000000
0
       1339	00000060	00000013	1	00000000
0
       1340	00000058	00000063	1	00000000
0
       1341	0000005c	00000000	1	00000000
0
       1342	00000060	00000013	1	00000000
0
       1343	00000058	00000063	1	00000000
0
       1344	0000005c	00000000	1	00000000
0
       1345	00000060	00000013	1	00000000
0
       1346	00000058	00000063	1	00000000
0
       1347	0000005c	00000000	1	00000000
0
       1348	00000060	00000013	1	00000000
0
       1349	00000058	00000063	1	00000000
0
       1350	0000005c	00000000	1	00000000
0
       1351	00000060	00000013	1	00000000
0
       1352	00000058	00000063	1	00000000
0
       1353	0000005c	00000000	1	00000000
0
       1354	00000060	00000013	1	00000000
0
       1355	00000058	00000063	1	00000000
0
       1356	0000005c	00000000	1	00000000
0
       1357	00000060	00000013	1	00000000
0
       1358	00000058	00000063	1	00000000
0
       1359	0000005c	00000000	1	00000000
0
       1360	00000060	00000013	1	00000000
0
       1361	00000058	00000063	1	00000000
0
       1362	0000005c	00000000	1	00000000
0
       1363	00000060	00000013	1	00000000
0
       1364	00000058	00000063	1	00000000
0
       1365	0000005c	00000000	1	00000000
0
       1366	00000060	00000013	1	00000000
0
       1367	00000058	00000063	1	00000000
0
       1368	0000005c	00000000	1	00000000
0
       1369	00000060	00000013	1	00000000
0
       1370	00000058	00000063	1	00000000
0
       1371	0000005c	00000000	1	00000000
0
       1372	00000060	00000013	1	00000000
0
       1373	00000058	00000063	1	00000000
0
       1374	0000005c	00000000	1	00000000
0
       1375	00000060	00000013	1	00000000
0
       1376	00000058	00000063	1	00000000
0
       1377	0000005c	00000000	1	00000000
0
       1378	00000060	00000013	1	00000000
0
       1379	00000058	00000063	1	00000000
0
       1380	0000005c	00000000	1	00000000
0
       1381	00000060	00000013	1	00000000
0
       1382	00000058	00000063	1	00000000
0
       1383	0000005c	00000000	1	00000000
0
       1384	00000060	00000013	1	00000000
0
       1385	00000058	00000063	1	00000000
0
       1386	0000005c	00000000	1	00000000
0
       1387	00000060	00000013	1	00000000
0
       1388	00000058	00000063	1	00000000
0
       1389	0000005c	00000000	1	00000000
0
       1390	00000060	00000013	1	00000000
0
       1391	00000058	00000063	1	00000000
0
       1392	0000005c	00000000	1	00000000
0
       1393	00000060	00000013	1	00000000
0
       1394	00000058	00000063	1	00000000
0
       1395	0000005c	00000000	1	00000000
0
       1396	00000060	00000013	1	00000000
0
       1397	00000058	00000063	1	00000000
0
       1398	0000005c	00000000	1	00000000
0
       1399	00000060	00000013	1	00000000
0
       1400	00000058	00000063	1	00000000
0
       1401	0000005c	00000000	1	00000000
0
       1402	00000060	00000013	1	00000000
0
       1403	00000058	00000063	1	00000000
0
       1404	0000005c	00000000	1	00000000
0
       1405	00000060	00000013	1	00000000
0
       1406	00000058	00000063	1	00000000
0
       1407	0000005c	00000000	1	00000000
0
       1408	00000060	00000013	1	00000000
0
       1409	00000058	00000063	1	00000000
0
       1410	0000005c	00000000	1	00000000
0
       1411	00000060	00000013	1	00000000
0
       1412	00000058	00000063	1	00000000
0
       1413	0000005c	00000000	1	00000000
0
       1414	00000060	00000013	1	00000000
0
       1415	00000058	00000063	1	00000000
0
       1416	0000005c	00000000	1	00000000
0
       1417	00000060	00000013	1	00000000
0
       1418	00000058	00000063	1	00000000
0
       1419	0000005c	00000000	1	00000000
0
       1420	00000060	00000013	1	00000000
0
       1421	00000058	00000063	1	00000000
0
       1422	0000005c	00000000	1	00000000
0
       1423	00000060	00000013	1	00000000
0
       1424	00000058	00000063	1	00000000
0
       1425	0000005c	00000000	1	00000000
0
       1426	00000060	00000013	1	00000000
0
       1427	00000058	00000063	1	00000000
0
       1428	0000005c	00000000	1	00000000
0
       1429	00000060	00000013	1	00000000
0
       1430	00000058	00000063	1	00000000
0
       1431	0000005c	00000000	1	00000000
0
       1432	00000060	00000013	1	00000000
0
       1433	00000058	00000063	1	00000000
0
       1434	0000005c	00000000	1	00000000
0
       1435	00000060	00000013	1	00000000
0
       1436	00000058	00000063	1	00000000
0
       1437	0000005c	00000000	1	00000000
0
       1438	00000060	00000013	1	00000000
0
       1439	00000058	00000063	1	00000000
0
       1440	0000005c	00000000	1	00000000
0
       1441	00000060	00000013	1	00000000
0
       1442	00000058	00000063	1	00000000
0
       1443	0000005c	00000000	1	00000000
0
       1444	00000060	00000013	1	00000000
0
       1445	00000058	00000063	1	00000000
0
       1446	0000005c	00000000	1	00000000
0
       1447	00000060	00000013	1	00000000
0
       1448	00000058	00000063	1	00000000
0
       1449	0000005c	00000000	1	00000000
0
       1450	00000060	00000013	1	00000000
0
       1451	00000058	00000063	1	00000000
0
       1452	0000005c	00000000	1	00000000
0
       1453	00000060	00000013	1	00000000
0
       1454	00000058	00000063	1	00000000
0
       1455	0000005c	00000000	1	00000000
0
       1456	00000060	00000013	1	00000000
0
       1457	00000058	00000063	1	00000000
0
       1458	0000005c	00000000	1	00000000
0
       1459	00000060	00000013	1	00000000
0
       1460	00000058	00000063	1	00000000
0
       1461	0000005c	00000000	1	00000000
0
       1462	00000060	00000013	1	00000000
0
       1463	00000058	00000063	1	00000000
0
       1464	0000005c	00000000	1	00000000
0
       1465	00000060	00000013	1	00000000
0
       1466	00000058	00000063	1	00000000
0
       1467	0000005c	00000000	1	00000000
0
       1468	00000060	00000013	1	00000000
0
       1469	00000058	00000063	1	00000000
0
       1470	0000005c	00000000	1	00000000
0
       1471	00000060	00000013	1	00000000
0
       1472	00000058	00000063	1	00000000
0
       1473	0000005c	00000000	1	00000000
0
       1474	00000060	00000013	1	00000000
0
       1475	00000058	00000063	1	00000000
0
       1476	0000005c	00000000	1	00000000
0
       1477	00000060	00000013	1	00000000
0
       1478	00000058	00000063	1	00000000
0
       1479	0000005c	00000000	1	00000000
0
       1480	00000060	00000013	1	00000000
0
       1481	00000058	00000063	1	00000000
0
       1482	0000005c	00000000	1	00000000
0
       1483	00000060	00000013	1	00000000
0
       1484	00000058	00000063	1	00000000
0
       1485	0000005c	00000000	1	00000000
0
       1486	00000060	00000013	1	00000000
0
       1487	00000058	00000063	1	00000000
0
       1488	0000005c	00000000	1	00000000
0
       1489	00000060	00000013	1	00000000
0
       1490	00000058	00000063	1	00000000
0
       1491	0000005c	00000000	1	00000000
0
       1492	00000060	00000013	1	00000000
0
       1493	00000058	00000063	1	00000000
0
       1494	0000005c	00000000	1	00000000
0
       1495	00000060	00000013	1	00000000
0
       1496	00000058	00000063	1	00000000
0
       1497	0000005c	00000000	1	00000000
0
       1498	00000060	00000013	1	00000000
0
       1499	00000058	00000063	1	00000000
0
       1500	0000005c	00000000	1	00000000
0
       1501	00000060	00000013	1	00000000
0
       1502	00000058	00000063	1	00000000
0
       1503	0000005c	00000000	1	00000000
0
       1504	00000060	00000013	1	00000000
0
       1505	00000058	00000063	1	00000000
0
       1506	0000005c	00000000	1	00000000
0
       1507	00000060	00000013	1	00000000
0
       1508	00000058	00000063	1	00000000
0
       1509	0000005c	00000000	1	00000000
0
       1510	00000060	00000013	1	00000000
0
       1511	00000058	00000063	1	00000000
0
       1512	0000005c	00000000	1	00000000
0
       1513	00000060	00000013	1	00000000
0
       1514	00000058	00000063	1	00000000
0
       1515	0000005c	00000000	1	00000000
0
       1516	00000060	00000013	1	00000000
0
       1517	00000058	00000063	1	00000000
0
       1518	0000005c	00000000	1	00000000
0
       1519	00000060	00000013	1	00000000
0
       1520	00000058	00000063	1	00000000
0
       1521	0000005c	00000000	1	00000000
0
       1522	00000060	00000013	1	00000000
0
       1523	00000058	00000063	1	00000000
0
       1524	0000005c	00000000	1	00000000
0
       1525	00000060	00000013	1	00000000
0
       1526	00000058	00000063	1	00000000
0
       1527	0000005c	00000000	1	00000000
0
       1528	00000060	00000013	1	00000000
0
       1529	00000058	00000063	1	00000000
0
       1530	0000005c	00000000	1	00000000
0
       1531	00000060	00000013	1	00000000
0
       1532	00000058	00000063	1	00000000
0
       1533	0000005c	00000000	1	00000000
0
       1534	00000060	00000013	1	00000000
0
       1535	00000058	00000063	1	00000000
0
       1536	0000005c	00000000	1	00000000
0
       1537	00000060	00000013	1	00000000
0
       1538	00000058	00000063	1	00000000
0
       1539	0000005c	00000000	1	00000000
0
       1540	00000060	00000013	1	00000000
0
       1541	00000058	00000063	1	00000000
0
       1542	0000005c	00000000	1	00000000
0
       1543	00000060	00000013	1	00000000
0
       1544	00000058	00000063	1	00000000
0
       1545	0000005c	00000000	1	00000000
0
       1546	00000060	00000013	1	00000000
0
       1547	00000058	00000063	1	00000000
0
       1548	0000005c	00000000	1	00000000
0
       1549	00000060	00000013	1	00000000
0
       1550	00000058	00000063	1	00000000
0
       1551	0000005c	00000000	1	00000000
0
       1552	00000060	00000013	1	00000000
0
       1553	00000058	00000063	1	00000000
0
       1554	0000005c	00000000	1	00000000
0
       1555	00000060	00000013	1	00000000
0
       1556	00000058	00000063	1	00000000
0
       1557	0000005c	00000000	1	00000000
0
       1558	00000060	00000013	1	00000000
0
       1559	00000058	00000063	1	00000000
0
       1560	0000005c	00000000	1	00000000
0
       1561	00000060	00000013	1	00000000
0
       1562	00000058	00000063	1	00000000
0
       1563	0000005c	00000000	1	00000000
0
       1564	00000060	00000013	1	00000000
0
       1565	00000058	00000063	1	00000000
0
       1566	0000005c	00000000	1	00000000
0
       1567	00000060	00000013	1	00000000
0
       1568	00000058	00000063	1	00000000
0
       1569	0000005c	00000000	1	00000000
0
       1570	00000060	00000013	1	00000000
0
       1571	00000058	00000063	1	00000000
0
       1572	0000005c	00000000	1	00000000
0
       1573	00000060	00000013	1	00000000
0
       1574	00000058	00000063	1	00000000
0
       1575	0000005c	00000000	1	00000000
0
       1576	00000060	00000013	1	00000000
0
       1577	00000058	00000063	1	00000000
0
       1578	0000005c	00000000	1	00000000
0
       1579	00000060	00000013	1	00000000
0
       1580	00000058	00000063	1	00000000
0
       1581	0000005c	00000000	1	00000000
0
       1582	00000060	00000013	1	00000000
0
       1583	00000058	00000063	1	00000000
0
       1584	0000005c	00000000	1	00000000
0
       1585	00000060	00000013	1	00000000
0
       1586	00000058	00000063	1	00000000
0
       1587	0000005c	00000000	1	00000000
0
       1588	00000060	00000013	1	00000000
0
       1589	00000058	00000063	1	00000000
0
       1590	0000005c	00000000	1	00000000
0
       1591	00000060	00000013	1	00000000
0
       1592	00000058	00000063	1	00000000
0
       1593	0000005c	00000000	1	00000000
0
       1594	00000060	00000013	1	00000000
0
       1595	00000058	00000063	1	00000000
0
       1596	0000005c	00000000	1	00000000
0
       1597	00000060	00000013	1	00000000
0
       1598	00000058	00000063	1	00000000
0
       1599	0000005c	00000000	1	00000000
0
       1600	00000060	00000013	1	00000000
0
       1601	00000058	00000063	1	00000000
0
       1602	0000005c	00000000	1	00000000
0
       1603	00000060	00000013	1	00000000
0
       1604	00000058	00000063	1	00000000
0
       1605	0000005c	00000000	1	00000000
0
       1606	00000060	00000013	1	00000000
0
       1607	00000058	00000063	1	00000000
0
       1608	0000005c	00000000	1	00000000
0
       1609	00000060	00000013	1	00000000
0
       1610	00000058	00000063	1	00000000
0
       1611	0000005c	00000000	1	00000000
0
       1612	00000060	00000013	1	00000000
0
       1613	00000058	00000063	1	00000000
0
       1614	0000005c	00000000	1	00000000
0
       1615	00000060	00000013	1	00000000
0
       1616	00000058	00000063	1	00000000
0
       1617	0000005c	00000000	1	00000000
0
       1618	00000060	00000013	1	00000000
0
       1619	00000058	00000063	1	00000000
0
       1620	0000005c	00000000	1	00000000
0
       1621	00000060	00000013	1	00000000
0
       1622	00000058	00000063	1	00000000
0
       1623	0000005c	00000000	1	00000000
0
       1624	00000060	00000013	1	00000000
0
       1625	00000058	00000063	1	00000000
0
       1626	0000005c	00000000	1	00000000
0
       1627	00000060	00000013	1	00000000
0
       1628	00000058	00000063	1	00000000
0
       1629	0000005c	00000000	1	00000000
0
       1630	00000060	00000013	1	00000000
0
       1631	00000058	00000063	1	00000000
0
       1632	0000005c	00000000	1	00000000
0
       1633	00000060	00000013	1	00000000
0
       1634	00000058	00000063	1	00000000
0
       1635	0000005c	00000000	1	00000000
0
       1636	00000060	00000013	1	00000000
0
       1637	00000058	00000063	1	00000000
0
       1638	0000005c	00000000	1	00000000
0
       1639	00000060	00000013	1	00000000
0
       1640	00000058	00000063	1	00000000
0
       1641	0000005c	00000000	1	00000000
0
       1642	00000060	00000013	1	00000000
0
       1643	00000058	00000063	1	00000000
0
       1644	0000005c	00000000	1	00000000
0
       1645	00000060	00000013	1	00000000
0
       1646	00000058	00000063	1	00000000
0
       1647	0000005c	00000000	1	00000000
0
       1648	00000060	00000013	1	00000000
0
       1649	00000058	00000063	1	00000000
0
       1650	0000005c	00000000	1	00000000
0
       1651	00000060	00000013	1	00000000
0
       1652	00000058	00000063	1	00000000
0
       1653	0000005c	00000000	1	00000000
0
       1654	00000060	00000013	1	00000000
0
       1655	00000058	00000063	1	00000000
0
       1656	0000005c	00000000	1	00000000
0
       1657	00000060	00000013	1	00000000
0
       1658	00000058	00000063	1	00000000
0
       1659	0000005c	00000000	1	00000000
0
       1660	00000060	00000013	1	00000000
0
       1661	00000058	00000063	1	00000000
0
       1662	0000005c	00000000	1	00000000
0
       1663	00000060	00000013	1	00000000
0
       1664	00000058	00000063	1	00000000
0
       1665	0000005c	00000000	1	00000000
0
       1666	00000060	00000013	1	00000000
0
       1667	00000058	00000063	1	00000000
0
       1668	0000005c	00000000	1	00000000
0
       1669	00000060	00000013	1	00000000
0
       1670	00000058	00000063	1	00000000
0
       1671	0000005c	00000000	1	00000000
0
       1672	00000060	00000013	1	00000000
0
       1673	00000058	00000063	1	00000000
0
       1674	0000005c	00000000	1	00000000
0
       1675	00000060	00000013	1	00000000
0
       1676	00000058	00000063	1	00000000
0
       1677	0000005c	00000000	1	00000000
0
       1678	00000060	00000013	1	00000000
0
       1679	00000058	00000063	1	00000000
0
       1680	0000005c	00000000	1	00000000
0
       1681	00000060	00000013	1	00000000
0
       1682	00000058	00000063	1	00000000
0
       1683	0000005c	00000000	1	00000000
0
       1684	00000060	00000013	1	00000000
0
       1685	00000058	00000063	1	00000000
0
       1686	0000005c	00000000	1	00000000
0
       1687	00000060	00000013	1	00000000
0
       1688	00000058	00000063	1	00000000
0
       1689	0000005c	00000000	1	00000000
0
       1690	00000060	00000013	1	00000000
0
       1691	00000058	00000063	1	00000000
0
       1692	0000005c	00000000	1	00000000
0
       1693	00000060	00000013	1	00000000
0
       1694	00000058	00000063	1	00000000
0
       1695	0000005c	00000000	1	00000000
0
       1696	00000060	00000013	1	00000000
0
       1697	00000058	00000063	1	00000000
0
       1698	0000005c	00000000	1	00000000
0
       1699	00000060	00000013	1	00000000
0
       1700	00000058	00000063	1	00000000
0
       1701	0000005c	00000000	1	00000000
0
       1702	00000060	00000013	1	00000000
0
       1703	00000058	00000063	1	00000000
0
       1704	0000005c	00000000	1	00000000
0
       1705	00000060	00000013	1	00000000
0
       1706	00000058	00000063	1	00000000
0
       1707	0000005c	00000000	1	00000000
0
       1708	00000060	00000013	1	00000000
0
       1709	00000058	00000063	1	00000000
0
       1710	0000005c	00000000	1	00000000
0
       1711	00000060	00000013	1	00000000
0
       1712	00000058	00000063	1	00000000
0
       1713	0000005c	00000000	1	00000000
0
       1714	00000060	00000013	1	00000000
0
       1715	00000058	00000063	1	00000000
0
       1716	0000005c	00000000	1	00000000
0
       1717	00000060	00000013	1	00000000
0
       1718	00000058	00000063	1	00000000
0
       1719	0000005c	00000000	1	00000000
0
       1720	00000060	00000013	1	00000000
0
       1721	00000058	00000063	1	00000000
0
       1722	0000005c	00000000	1	00000000
0
       1723	00000060	00000013	1	00000000
0
       1724	00000058	00000063	1	00000000
0
       1725	0000005c	00000000	1	00000000
0
       1726	00000060	00000013	1	00000000
0
       1727	00000058	00000063	1	00000000
0
       1728	0000005c	00000000	1	00000000
0
       1729	00000060	00000013	1	00000000
0
       1730	00000058	00000063	1	00000000
0
       1731	0000005c	00000000	1	00000000
0
       1732	00000060	00000013	1	00000000
0
       1733	00000058	00000063	1	00000000
0
       1734	0000005c	00000000	1	00000000
0
       1735	00000060	00000013	1	00000000
0
       1736	00000058	00000063	1	00000000
0
       1737	0000005c	00000000	1	00000000
0
       1738	00000060	00000013	1	00000000
0
       1739	00000058	00000063	1	00000000
0
       1740	0000005c	00000000	1	00000000
0
       1741	00000060	00000013	1	00000000
0
       1742	00000058	00000063	1	00000000
0
       1743	0000005c	00000000	1	00000000
0
       1744	00000060	00000013	1	00000000
0
       1745	00000058	00000063	1	00000000
0
       1746	0000005c	00000000	1	00000000
0
       1747	00000060	00000013	1	00000000
0
       1748	00000058	00000063	1	00000000
0
       1749	0000005c	00000000	1	00000000
0
       1750	00000060	00000013	1	00000000
0
       1751	00000058	00000063	1	00000000
0
       1752	0000005c	00000000	1	00000000
0
       1753	00000060	00000013	1	00000000
0
       1754	00000058	00000063	1	00000000
0
       1755	0000005c	00000000	1	00000000
0
       1756	00000060	00000013	1	00000000
0
       1757	00000058	00000063	1	00000000
0
       1758	0000005c	00000000	1	00000000
0
       1759	00000060	00000013	1	00000000
0
       1760	00000058	00000063	1	00000000
0
       1761	0000005c	00000000	1	00000000
0
       1762	00000060	00000013	1	00000000
0
       1763	00000058	00000063	1	00000000
0
       1764	0000005c	00000000	1	00000000
0
       1765	00000060	00000013	1	00000000
0
       1766	00000058	00000063	1	00000000
0
       1767	0000005c	00000000	1	00000000
0
       1768	00000060	00000013	1	00000000
0
       1769	00000058	00000063	1	00000000
0
       1770	0000005c	00000000	1	00000000
0
       1771	00000060	00000013	1	00000000
0
       1772	00000058	00000063	1	00000000
0
       1773	0000005c	00000000	1	00000000
0
       1774	00000060	00000013	1	00000000
0
       1775	00000058	00000063	1	00000000
0
       1776	0000005c	00000000	1	00000000
0
       1777	00000060	00000013	1	00000000
0
       1778	00000058	00000063	1	00000000
0
       1779	0000005c	00000000	1	00000000
0
       1780	00000060	00000013	1	00000000
0
       1781	00000058	00000063	1	00000000
0
       1782	0000005c	00000000	1	00000000
0
       1783	00000060	00000013	1	00000000
0
       1784	00000058	00000063	1	00000000
0
       1785	0000005c	00000000	1	00000000
0
       1786	00000060	00000013	1	00000000
0
       1787	00000058	00000063	1	00000000
0
       1788	0000005c	00000000	1	00000000
0
       1789	00000060	00000013	1	00000000
0
       1790	00000058	00000063	1	00000000
0
       1791	0000005c	00000000	1	00000000
0
       1792	00000060	00000013	1	00000000
0
       1793	00000058	00000063	1	00000000
0
       1794	0000005c	00000000	1	00000000
0
       1795	00000060	00000013	1	00000000
0
       1796	00000058	00000063	1	00000000
0
       1797	0000005c	00000000	1	00000000
0
       1798	00000060	00000013	1	00000000
0
       1799	00000058	00000063	1	00000000
0
       1800	0000005c	00000000	1	00000000
0
       1801	00000060	00000013	1	00000000
0
       1802	00000058	00000063	1	00000000
0
       1803	0000005c	00000000	1	00000000
0
       1804	00000060	00000013	1	00000000
0
       1805	00000058	00000063	1	00000000
0
       1806	0000005c	00000000	1	00000000
0
       1807	00000060	00000013	1	00000000
0
       1808	00000058	00000063	1	00000000
0
       1809	0000005c	00000000	1	00000000
0
       1810	00000060	00000013	1	00000000
0
       1811	00000058	00000063	1	00000000
0
       1812	0000005c	00000000	1	00000000
0
       1813	00000060	00000013	1	00000000
0
       1814	00000058	00000063	1	00000000
0
       1815	0000005c	00000000	1	00000000
0
       1816	00000060	00000013	1	00000000
0
       1817	00000058	00000063	1	00000000
0
       1818	0000005c	00000000	1	00000000
0
       1819	00000060	00000013	1	00000000
0
       1820	00000058	00000063	1	00000000
0
       1821	0000005c	00000000	1	00000000
0
       1822	00000060	00000013	1	00000000
0
       1823	00000058	00000063	1	00000000
0
       1824	0000005c	00000000	1	00000000
0
       1825	00000060	00000013	1	00000000
0
       1826	00000058	00000063	1	00000000
0
       1827	0000005c	00000000	1	00000000
0
       1828	00000060	00000013	1	00000000
0
       1829	00000058	00000063	1	00000000
0
       1830	0000005c	00000000	1	00000000
0
       1831	00000060	00000013	1	00000000
0
       1832	00000058	00000063	1	00000000
0
       1833	0000005c	00000000	1	00000000
0
       1834	00000060	00000013	1	00000000
0
       1835	00000058	00000063	1	00000000
0
       1836	0000005c	00000000	1	00000000
0
       1837	00000060	00000013	1	00000000
0
       1838	00000058	00000063	1	00000000
0
       1839	0000005c	00000000	1	00000000
0
       1840	00000060	00000013	1	00000000
0
       1841	00000058	00000063	1	00000000
0
       1842	0000005c	00000000	1	00000000
0
       1843	00000060	00000013	1	00000000
0
       1844	00000058	00000063	1	00000000
0
       1845	0000005c	00000000	1	00000000
0
       1846	00000060	00000013	1	00000000
0
       1847	00000058	00000063	1	00000000
0
       1848	0000005c	00000000	1	00000000
0
       1849	00000060	00000013	1	00000000
0
       1850	00000058	00000063	1	00000000
0
       1851	0000005c	00000000	1	00000000
0
       1852	00000060	00000013	1	00000000
0
       1853	00000058	00000063	1	00000000
0
       1854	0000005c	00000000	1	00000000
0
       1855	00000060	00000013	1	00000000
0
       1856	00000058	00000063	1	00000000
0
       1857	0000005c	00000000	1	00000000
0
       1858	00000060	00000013	1	00000000
0
       1859	00000058	00000063	1	00000000
0
       1860	0000005c	00000000	1	00000000
0
       1861	00000060	00000013	1	00000000
0
       1862	00000058	00000063	1	00000000
0
       1863	0000005c	00000000	1	00000000
0
       1864	00000060	00000013	1	00000000
0
       1865	00000058	00000063	1	00000000
0
       1866	0000005c	00000000	1	00000000
0
       1867	00000060	00000013	1	00000000
0
       1868	00000058	00000063	1	00000000
0
       1869	0000005c	00000000	1	00000000
0
       1870	00000060	00000013	1	00000000
0
       1871	00000058	00000063	1	00000000
0
       1872	0000005c	00000000	1	00000000
0
       1873	00000060	00000013	1	00000000
0
       1874	00000058	00000063	1	00000000
0
       1875	0000005c	00000000	1	00000000
0
       1876	00000060	00000013	1	00000000
0
       1877	00000058	00000063	1	00000000
0
       1878	0000005c	00000000	1	00000000
0
       1879	00000060	00000013	1	00000000
0
       1880	00000058	00000063	1	00000000
0
       1881	0000005c	00000000	1	00000000
0
       1882	00000060	00000013	1	00000000
0
       1883	00000058	00000063	1	00000000
0
       1884	0000005c	00000000	1	00000000
0
       1885	00000060	00000013	1	00000000
0
       1886	00000058	00000063	1	00000000
0
       1887	0000005c	00000000	1	00000000
0
       1888	00000060	00000013	1	00000000
0
       1889	00000058	00000063	1	00000000
0
       1890	0000005c	00000000	1	00000000
0
       1891	00000060	00000013	1	00000000
0
       1892	00000058	00000063	1	00000000
0
       1893	0000005c	00000000	1	00000000
0
       1894	00000060	00000013	1	00000000
0
       1895	00000058	00000063	1	00000000
0
       1896	0000005c	00000000	1	00000000
0
       1897	00000060	00000013	1	00000000
0
       1898	00000058	00000063	1	00000000
0
       1899	0000005c	00000000	1	00000000
0
       1900	00000060	00000013	1	00000000
0
       1901	00000058	00000063	1	00000000
0
       1902	0000005c	00000000	1	00000000
0
       1903	00000060	00000013	1	00000000
0
       1904	00000058	00000063	1	00000000
0
       1905	0000005c	00000000	1	00000000
0
       1906	00000060	00000013	1	00000000
0
       1907	00000058	00000063	1	00000000
0
       1908	0000005c	00000000	1	00000000
0
       1909	00000060	00000013	1	00000000
0
       1910	00000058	00000063	1	00000000
0
       1911	0000005c	00000000	1	00000000
0
       1912	00000060	00000013	1	00000000
0
       1913	00000058	00000063	1	00000000
0
       1914	0000005c	00000000	1	00000000
0
       1915	00000060	00000013	1	00000000
0
       1916	00000058	00000063	1	00000000
0
       1917	0000005c	00000000	1	00000000
0
       1918	00000060	00000013	1	00000000
0
       1919	00000058	00000063	1	00000000
0
       1920	0000005c	00000000	1	00000000
0
       1921	00000060	00000013	1	00000000
0
       1922	00000058	00000063	1	00000000
0
       1923	0000005c	00000000	1	00000000
0
       1924	00000060	00000013	1	00000000
0
       1925	00000058	00000063	1	00000000
0
       1926	0000005c	00000000	1	00000000
0
       1927	00000060	00000013	1	00000000
0
       1928	00000058	00000063	1	00000000
0
       1929	0000005c	00000000	1	00000000
0
       1930	00000060	00000013	1	00000000
0
       1931	00000058	00000063	1	00000000
0
       1932	0000005c	00000000	1	00000000
0
       1933	00000060	00000013	1	00000000
0
       1934	00000058	00000063	1	00000000
0
       1935	0000005c	00000000	1	00000000
0
       1936	00000060	00000013	1	00000000
0
       1937	00000058	00000063	1	00000000
0
       1938	0000005c	00000000	1	00000000
0
       1939	00000060	00000013	1	00000000
0
       1940	00000058	00000063	1	00000000
0
       1941	0000005c	00000000	1	00000000
0
       1942	00000060	00000013	1	00000000
0
       1943	00000058	00000063	1	00000000
0
       1944	0000005c	00000000	1	00000000
0
       1945	00000060	00000013	1	00000000
0
       1946	00000058	00000063	1	00000000
0
       1947	0000005c	00000000	1	00000000
0
       1948	00000060	00000013	1	00000000
0
       1949	00000058	00000063	1	00000000
0
       1950	0000005c	00000000	1	00000000
0
       1951	00000060	00000013	1	00000000
0
       1952	00000058	00000063	1	00000000
0
       1953	0000005c	00000000	1	00000000
0
       1954	00000060	00000013	1	00000000
0
       1955	00000058	00000063	1	00000000
0
       1956	0000005c	00000000	1	00000000
0
       1957	00000060	00000013	1	00000000
0
       1958	00000058	00000063	1	00000000
0
       1959	0000005c	00000000	1	00000000
0
       1960	00000060	00000013	1	00000000
0
       1961	00000058	00000063	1	00000000
0
       1962	0000005c	00000000	1	00000000
0
       1963	00000060	00000013	1	00000000
0
       1964	00000058	00000063	1	00000000
0
       1965	0000005c	00000000	1	00000000
0
       1966	00000060	00000013	1	00000000
0
       1967	00000058	00000063	1	00000000
0
       1968	0000005c	00000000	1	00000000
0
       1969	00000060	00000013	1	00000000
0
       1970	00000058	00000063	1	00000000
0
       1971	0000005c	00000000	1	00000000
0
       1972	00000060	00000013	1	00000000
0
       1973	00000058	00000063	1	00000000
0
       1974	0000005c	00000000	1	00000000
0
       1975	00000060	00000013	1	00000000
0
       1976	00000058	00000063	1	00000000
0
       1977	0000005c	00000000	1	00000000
0
       1978	00000060	00000013	1	00000000
0
       1979	00000058	00000063	1	00000000
0
       1980	0000005c	00000000	1	00000000
0
       1981	00000060	00000013	1	00000000
0
       1982	00000058	00000063	1	00000000
0
       1983	0000005c	00000000	1	00000000
0
       1984	00000060	00000013	1	00000000
0
       1985	00000058	00000063	1	00000000
0
       1986	0000005c	00000000	1	00000000
0
       1987	00000060	00000013	1	00000000
0
       1988	00000058	00000063	1	00000000
0
       1989	0000005c	00000000	1	00000000
0
       1990	00000060	00000013	1	00000000
0
       1991	00000058	00000063	1	00000000
0
       1992	0000005c	00000000	1	00000000
0
       1993	00000060	00000013	1	00000000
0
       1994	00000058	00000063	1	00000000
0
       1995	0000005c	00000000	1	00000000
0
       1996	00000060	00000013	1	00000000
0
       1997	00000058	00000063	1	00000000
0
       1998	0000005c	00000000	1	00000000
0
       1999	00000060	00000013	1	00000000
0
       2000	00000058	00000063	1	00000000
0
